81 81 81 81 81 81 81 81 81 81 81 81 81 81 81 81 81 81 81 81 81 81 81 81 81 81 81 81 81 81 81 81 81 81 81 81 81 81 81 81 81 81 81 81 81 109 109 109 109 109 
81 81 81 81 81 81 81 81 81 81 81 81 81 81 81 81 81 81 81 81 81 81 81 81 81 81 81 81 81 81 61 81 81 81 81 81 81 81 81 81 81 81 81 81 81 109 109 109 109 109 
81 81 81 81 81 81 81 81 81 81 81 81 81 81 81 81 81 61 81 81 81 81 81 61 81 81 81 81 81 81 81 81 81 81 81 81 81 81 61 81 81 81 61 81 81 109 109 109 109 109 
81 81 81 81 81 81 81 61 81 81 81 81 81 81 81 81 81 81 81 81 81 81 81 81 81 81 81 81 81 81 81 81 81 81 81 81 81 81 81 81 81 81 81 81 81 109 109 109 109 109 
81 81 61 81 81 81 81 81 81 81 81 81 81 81 81 81 81 81 81 81 81 81 81 81 81 81 61 81 81 81 81 81 81 81 81 81 81 81 81 81 81 81 81 81 81 109 109 109 109 109 
81 81 81 81 81 81 81 81 81 81 81 81 81 81 81 81 81 61 81 81 81 81 61 81 81 81 81 81 81 81 81 81 81 81 81 81 81 81 81 81 81 81 81 81 61 109 109 109 109 109 
81 81 81 81 81 81 81 61 81 81 81 81 81 81 81 81 81 81 81 81 81 81 81 81 81 81 81 81 81 81 81 81 81 81 81 81 81 81 81 81 81 81 81 81 81 109 109 109 109 109 
81 81 81 81 81 81 81 81 81 81 81 81 61 81 81 81 81 81 81 81 81 81 81 81 81 81 81 81 81 81 81 81 81 81 81 81 81 61 81 81 81 81 81 81 81 109 109 109 109 109 
81 81 81 81 81 81 81 81 81 81 81 81 81 81 81 81 81 81 81 81 81 81 81 81 81 81 81 81 81 81 14 15 81 81 81 81 81 81 81 81 81 81 81 81 81 109 109 109 109 109 
81 81 81 81 81 61 81 81 81 81 81 81 81 81 81 81 81 81 81 81 81 81 14 3 3 3 3 3 3 3 67 67 3 3 15 81 81 81 81 81 81 81 81 81 81 109 109 109 109 109 
81 81 81 81 81 81 81 81 81 81 81 81 81 81 81 81 81 81 81 14 3 3 67 67 67 67 67 67 67 67 85 86 67 67 67 3 3 3 3 15 81 81 81 81 81 109 109 109 109 109 
81 81 81 81 81 81 81 81 81 81 81 81 81 81 81 81 81 81 14 67 67 67 23 23 23 13 23 33 13 67 19 16 86 43 43 67 67 67 67 35 81 81 81 81 81 109 109 109 109 109 
81 81 81 81 81 81 81 81 81 81 81 81 81 81 81 81 81 14 67 23 23 23 33 13 33 23 23 23 23 67 19 80 16 18 18 18 18 86 67 35 81 81 81 81 81 109 109 109 109 109 
81 81 81 81 81 81 81 81 81 81 81 81 81 81 81 81 14 67 23 23 23 13 23 23 13 23 23 13 23 67 19 80 80 80 80 80 80 8 67 35 81 81 81 81 81 109 109 109 109 109 
81 81 81 81 81 81 81 81 81 81 81 81 81 81 81 81 34 67 23 13 23 23 23 23 23 23 23 33 13 67 19 80 80 80 80 80 80 16 86 67 3 15 81 81 81 109 109 109 109 109 
81 81 81 81 81 81 81 81 81 81 81 81 81 81 81 81 34 67 23 23 67 23 23 67 67 67 67 67 67 67 19 80 80 80 80 80 80 80 16 86 67 67 15 81 81 109 109 109 109 109 
81 81 81 81 61 81 81 81 61 81 81 81 81 81 81 14 67 77 23 67 85 18 18 18 18 18 18 18 18 18 17 80 80 80 80 80 80 80 80 16 86 67 35 81 61 109 109 109 109 109 
81 81 81 81 81 81 81 81 81 81 81 81 81 81 14 67 4 3 3 5 19 6 9 9 9 9 9 9 9 9 7 80 80 80 80 80 80 80 80 6 96 67 67 15 81 109 109 109 109 109 
81 81 81 81 81 81 81 81 81 81 81 14 3 3 67 4 4 3 5 35 19 8 33 33 1 1 1 1 77 67 19 80 80 80 80 80 80 80 6 96 67 23 23 67 15 109 109 109 109 109 
81 81 81 81 81 81 81 81 81 81 81 34 67 67 4 4 77 33 35 35 19 8 43 2 31 31 31 31 0 67 19 80 80 80 80 80 80 6 96 67 23 67 23 67 43 109 109 109 109 109 
81 81 81 81 81 81 81 81 81 81 14 67 4 3 4 77 67 77 35 35 19 8 35 32 81 81 81 81 30 34 95 9 9 9 9 9 9 96 67 23 23 23 23 67 43 109 109 109 109 109 
81 81 81 81 81 81 81 81 81 81 34 67 34 67 0 77 67 67 35 35 19 8 35 81 81 81 61 81 81 34 67 67 67 67 67 67 67 67 13 23 23 23 23 67 43 109 109 109 109 109 
81 81 81 81 81 81 81 81 81 81 0 67 0 43 20 0 77 43 35 35 19 8 35 81 61 81 81 81 81 34 43 33 43 77 67 23 23 67 23 13 23 23 13 67 43 109 109 109 109 109 
61 81 81 81 81 81 61 81 81 81 30 34 20 0 77 20 0 1 2 35 19 8 33 15 81 81 81 81 14 33 23 13 23 33 67 23 23 43 67 23 67 23 67 67 43 109 109 109 109 109 
81 81 81 81 81 81 81 81 81 81 81 34 67 20 0 77 20 90 22 35 19 8 13 33 3 3 3 3 33 23 23 23 77 67 67 23 23 23 67 67 23 23 23 23 67 109 109 109 109 109 
81 81 81 61 81 81 81 81 81 81 81 0 1 33 20 34 43 23 67 35 19 8 13 43 13 43 43 23 23 33 23 13 67 67 23 23 23 23 23 67 67 67 23 23 13 109 109 109 109 109 
81 81 81 81 81 81 81 81 81 81 81 30 31 0 43 34 23 23 67 35 19 8 13 23 23 23 33 23 13 33 23 33 67 23 43 23 23 23 43 23 23 67 23 23 23 109 109 109 109 109 
81 81 81 81 81 81 81 81 81 81 81 81 81 30 34 34 67 33 67 2 19 8 13 43 33 23 43 43 13 43 13 13 67 67 67 23 67 67 67 67 67 67 23 67 67 109 109 109 109 109 
81 81 81 81 81 81 81 81 81 81 81 81 81 54 34 0 1 1 2 22 19 16 18 18 18 18 18 18 18 18 18 18 18 18 18 18 18 18 18 18 18 18 18 18 18 109 109 109 109 109 
81 81 81 81 81 81 61 81 81 81 81 81 81 54 34 20 21 21 22 67 19 6 9 9 9 9 9 9 9 9 9 9 9 9 9 9 9 9 9 9 9 9 9 9 9 109 109 109 109 109 
81 81 81 81 81 81 81 81 81 81 81 81 81 54 34 100 101 102 33 67 19 8 67 67 67 67 67 67 43 67 67 67 67 67 67 67 67 67 33 43 13 33 67 67 67 109 109 109 109 109 
81 81 61 81 81 81 81 81 81 81 81 81 81 14 67 103 104 105 67 67 19 8 67 23 23 23 13 23 23 23 23 23 23 23 23 23 23 67 13 33 33 67 23 67 67 109 109 109 109 109 
81 81 81 81 81 81 81 14 3 3 3 3 3 67 23 106 107 108 23 67 19 8 67 67 67 23 23 23 23 23 23 23 23 23 23 13 23 23 67 43 67 23 23 23 67 109 109 109 109 109 
81 81 81 81 81 81 81 34 85 18 18 18 18 18 18 18 18 18 18 18 17 16 18 18 86 67 23 23 23 13 23 23 23 23 23 23 23 23 23 67 23 13 23 23 23 109 109 109 109 109 
81 81 81 81 81 61 81 34 19 80 80 80 80 80 80 80 80 80 80 80 80 80 80 80 8 67 23 23 23 23 23 13 23 23 23 13 23 23 23 23 23 23 23 77 67 109 109 109 109 109 
81 81 81 81 81 81 81 34 19 60 80 80 80 80 80 80 80 80 80 80 80 80 80 80 8 67 77 23 23 23 23 23 23 23 23 23 23 23 13 23 23 23 77 67 2 109 109 109 109 109 
81 81 81 81 81 81 81 0 95 7 80 80 80 80 80 80 80 80 80 80 80 80 80 80 8 67 67 67 67 67 67 67 77 23 23 23 23 23 23 23 23 77 67 2 32 109 109 109 109 109 
81 81 81 81 81 81 81 30 34 95 7 80 80 80 80 80 80 80 80 80 80 80 80 6 96 77 1 1 1 1 1 1 67 67 67 23 23 23 23 23 77 67 2 32 81 109 109 109 109 109 
81 81 61 81 81 81 81 81 0 23 95 7 80 80 80 80 80 80 80 80 80 80 6 96 23 2 31 31 31 31 31 31 0 1 1 67 67 67 67 67 67 2 32 81 81 109 109 109 109 109 
81 81 81 81 81 81 81 81 30 0 1 95 7 80 80 80 80 80 80 80 80 6 96 1 2 32 81 81 81 81 81 81 30 31 31 0 1 1 1 1 2 32 81 81 61 109 109 109 109 109 
81 81 81 81 81 81 81 81 81 30 31 34 95 9 80 80 80 80 80 80 6 96 2 31 32 81 81 81 81 81 81 81 81 81 81 30 31 31 31 31 32 81 81 81 81 109 109 109 109 109 
81 81 81 81 81 81 81 81 81 81 81 0 1 1 95 9 9 9 9 9 96 35 32 81 81 81 81 81 81 81 81 81 81 81 81 81 81 81 81 81 81 81 81 81 81 109 109 109 109 109 
81 81 81 81 81 61 81 81 81 81 81 30 31 31 0 1 1 1 1 1 1 2 81 81 81 81 81 81 81 81 81 81 81 81 81 81 81 81 81 81 81 81 81 81 81 109 109 109 109 109 
81 81 81 81 81 81 81 81 81 81 81 81 81 81 30 31 31 31 31 31 31 32 81 81 81 81 81 81 81 81 81 81 81 81 81 81 81 81 81 81 81 81 81 81 81 109 109 109 109 109 
81 81 81 81 81 81 81 81 81 81 81 81 81 81 81 81 81 81 81 81 81 81 81 81 81 81 81 81 81 81 81 81 81 81 81 81 81 81 81 81 81 81 81 81 81 109 109 109 109 109 
81 81 81 81 81 81 81 81 81 81 81 81 81 81 81 81 81 81 81 81 81 81 81 81 81 81 81 81 81 81 81 81 81 81 81 81 81 81 81 81 81 81 81 81 81 109 109 109 109 109 
81 81 81 81 81 81 81 81 81 81 81 81 61 81 81 81 81 81 81 81 81 81 81 81 81 81 81 81 81 81 81 81 81 61 81 81 81 81 81 81 81 81 81 81 81 109 109 109 109 109 
81 81 81 81 81 81 81 81 81 81 81 81 81 81 81 81 81 81 81 81 81 81 81 81 81 81 81 81 81 81 81 81 81 81 81 81 81 81 81 81 81 81 81 81 81 109 109 109 109 109 
81 81 81 61 81 81 81 81 81 81 81 81 81 81 81 81 81 81 81 61 81 81 81 81 81 81 81 81 81 61 81 81 81 81 81 81 81 81 81 61 81 81 81 81 81 109 109 109 109 109 
81 81 81 81 81 81 81 81 81 81 81 81 81 81 81 81 81 81 81 81 81 81 81 81 81 81 81 81 81 81 81 81 81 81 81 81 81 81 81 81 81 81 81 81 81 109 109 109 109 109 
