109 109 109 109 109 109 109 109 109 109 109 109 109 109 109 109 109 109 109 109 109 109 109 109 109 109 109 109 109 109 109 109 109 109 109 109 109 109 109 109 109 109 109 109 109 109 109 109 109 109 
109 109 109 109 109 109 109 109 109 109 109 109 109 109 109 109 109 109 109 109 109 109 109 109 109 109 109 109 109 109 109 109 109 109 109 109 109 109 109 109 109 109 109 109 109 109 109 109 109 109 
109 109 109 109 109 109 109 109 109 109 109 109 109 109 109 109 109 109 109 109 109 109 109 109 109 109 109 109 109 109 109 109 109 109 109 109 109 109 109 109 109 109 109 109 109 109 109 109 109 109 
109 109 109 109 109 109 109 109 109 109 109 109 109 109 109 109 109 109 109 109 109 109 109 109 109 109 109 109 109 109 109 109 109 109 109 109 109 109 109 109 109 109 109 109 109 109 109 109 109 109 
109 109 109 109 109 109 109 109 109 109 109 109 109 109 109 109 109 109 109 109 109 109 109 109 109 109 109 109 109 109 109 109 109 109 109 109 109 109 109 109 109 109 109 109 109 109 109 109 109 109 
109 109 109 109 109 81 81 81 81 81 81 81 81 81 81 81 81 81 81 81 81 81 81 81 81 81 81 81 34 34 77 67 35 67 67 67 67 67 77 67 67 67 67 35 81 81 81 81 81 81 
109 109 109 109 109 81 81 81 81 81 81 81 81 81 81 81 81 81 81 81 81 81 81 81 81 81 81 14 4 4 3 5 35 19 8 23 23 23 13 23 23 23 67 2 81 81 81 81 81 81 
109 109 109 109 109 81 81 81 81 81 81 81 81 81 81 81 81 81 81 81 81 81 81 81 81 81 81 34 34 34 67 35 35 19 8 23 23 23 23 23 23 67 2 32 81 81 81 81 81 81 
109 109 109 109 109 81 81 81 81 81 81 81 81 81 81 81 81 81 81 81 81 81 81 81 81 81 14 4 4 67 67 35 35 19 8 23 23 23 23 23 77 2 32 81 81 81 81 81 81 81 
109 109 109 109 109 81 81 81 81 81 81 81 81 81 81 81 81 81 81 81 81 81 81 81 81 14 4 4 43 67 77 35 35 19 8 23 13 23 23 67 2 32 81 81 81 81 81 81 81 81 
109 109 109 109 109 81 81 81 81 81 81 81 81 81 81 81 81 81 81 81 81 81 81 81 81 34 34 34 67 77 43 35 35 19 8 13 23 23 67 35 32 81 81 81 81 81 81 81 81 81 
109 109 109 109 109 81 81 81 81 81 81 81 81 81 81 81 81 81 81 81 81 81 81 81 81 34 34 34 67 43 77 35 35 19 8 23 23 23 23 67 15 81 81 81 81 81 81 81 81 81 
109 109 109 109 109 81 81 81 81 81 81 81 81 81 81 81 81 81 81 81 81 81 81 81 81 34 34 34 77 67 67 35 35 19 8 23 33 23 23 23 77 15 81 81 81 81 81 81 81 81 
109 109 109 109 109 81 81 81 81 81 81 81 81 81 81 81 81 81 81 81 81 81 81 81 14 4 77 0 1 1 1 2 35 19 8 23 23 23 23 23 23 67 15 81 81 81 81 81 81 81 
109 109 109 109 109 81 81 81 81 81 81 81 81 81 81 81 81 81 81 81 81 81 81 14 4 67 77 20 21 90 21 22 35 19 8 23 23 23 23 23 23 23 67 15 81 81 81 81 81 81 
109 109 109 109 109 81 81 81 81 81 81 14 3 3 3 3 3 3 3 3 3 3 3 4 77 77 85 18 18 18 18 86 35 19 8 23 23 13 23 67 67 67 77 35 55 81 81 81 81 81 
109 109 109 109 109 81 81 81 81 81 14 67 4 3 3 3 3 3 3 3 3 3 3 67 77 85 17 80 80 80 80 8 35 19 8 23 23 23 67 23 23 23 67 35 55 81 81 81 81 81 
109 109 109 109 109 81 81 81 81 14 67 4 67 67 67 67 67 67 67 67 67 67 67 77 85 17 80 80 80 80 80 8 35 19 8 23 23 67 23 23 23 23 67 35 55 81 81 81 81 81 
109 109 109 109 109 3 3 3 3 67 4 67 33 43 23 23 23 13 23 23 23 23 13 77 19 80 76 80 80 80 76 8 35 19 8 23 67 23 23 23 33 23 67 35 55 81 81 81 81 81 
109 109 109 109 109 67 67 67 77 4 67 33 67 13 23 43 23 23 23 43 13 23 33 67 95 9 9 9 9 9 9 96 35 19 8 67 33 23 23 23 23 23 67 35 55 81 81 81 81 81 
109 109 109 109 109 77 4 3 3 1 1 1 1 67 67 23 33 23 23 33 23 23 23 23 67 67 67 67 67 23 67 67 35 19 8 67 23 23 23 23 23 23 77 35 55 81 81 81 81 81 
109 109 109 109 109 67 34 43 2 31 31 31 31 0 67 23 23 43 23 67 13 23 43 23 23 23 23 23 23 23 23 43 35 19 8 67 23 23 23 43 23 23 67 35 55 81 81 81 81 81 
109 109 109 109 109 67 34 35 32 61 81 61 81 30 34 33 13 13 23 33 23 23 23 13 23 23 23 23 23 23 43 23 2 19 8 67 23 23 23 23 23 23 67 35 55 81 61 81 81 81 
109 109 109 109 109 67 34 35 61 81 14 3 15 81 34 23 43 23 23 67 23 13 23 67 1 1 1 53 53 1 1 2 22 19 8 67 23 23 23 23 23 23 67 35 55 81 61 81 81 81 
109 109 109 109 109 67 34 43 15 81 34 43 13 3 67 13 23 33 23 23 23 23 67 2 21 21 21 63 63 21 21 22 77 19 8 67 23 23 33 23 23 23 77 35 55 81 61 81 81 81 
109 109 109 109 109 77 34 67 67 3 43 33 43 67 67 67 67 67 67 67 67 67 2 22 67 43 67 74 74 67 67 77 23 19 8 23 23 23 23 23 23 23 67 35 55 81 81 81 81 81 
109 109 109 109 109 67 0 1 1 1 53 1 1 1 1 1 1 1 1 1 1 2 22 67 85 18 86 23 23 23 23 23 23 19 8 67 23 23 23 23 23 43 67 35 55 81 81 81 81 81 
109 109 109 109 109 67 20 21 21 21 74 21 21 21 21 21 21 21 21 21 21 22 67 85 17 80 16 86 23 23 23 23 23 19 8 67 67 67 67 67 67 67 67 35 55 81 81 81 81 81 
109 109 109 109 109 18 18 18 18 18 18 18 18 18 18 18 18 18 18 18 18 18 18 17 80 80 80 16 18 18 18 18 18 17 16 18 18 18 18 18 18 86 77 35 55 81 81 81 81 81 
109 109 109 109 109 9 9 9 9 9 9 9 9 9 9 9 9 9 9 9 9 9 9 9 9 9 9 9 9 9 9 9 9 7 6 9 9 9 9 9 9 96 67 35 55 81 81 81 81 81 
109 109 109 109 109 67 43 43 43 23 23 23 23 23 43 23 23 13 23 23 67 13 43 67 67 67 67 67 67 67 67 67 67 19 8 67 67 67 67 67 67 67 67 35 55 81 81 81 81 81 
109 109 109 109 109 77 23 23 13 23 23 43 23 23 23 23 43 33 23 67 43 23 33 23 13 23 23 43 33 23 23 13 67 19 8 67 13 23 43 13 33 23 33 2 55 81 81 81 81 81 
109 109 109 109 109 77 23 13 33 23 43 23 33 23 23 13 23 23 67 23 23 13 23 23 23 23 43 23 23 23 43 23 67 95 96 67 43 33 13 23 43 33 2 32 81 81 81 81 81 81 
109 109 109 109 109 67 43 23 23 23 23 23 13 23 23 23 23 67 23 33 23 23 23 23 23 23 23 23 13 23 23 67 1 53 53 1 1 1 1 1 1 2 32 81 81 81 81 81 81 81 
109 109 109 109 109 67 67 67 67 67 77 67 67 67 67 67 67 23 23 23 23 23 43 23 23 13 23 23 23 77 67 2 41 63 63 41 41 91 41 41 41 32 81 81 81 81 81 81 81 81 
109 109 109 109 109 1 1 1 1 1 1 67 13 23 43 23 23 23 13 23 13 23 23 33 23 43 23 23 67 43 2 42 72 75 75 72 72 72 72 72 59 81 81 81 81 81 81 81 81 81 
109 109 109 109 109 31 31 31 31 31 31 0 67 13 23 33 23 43 23 23 23 23 23 43 23 23 23 67 43 2 42 72 72 72 72 72 72 72 65 78 59 81 81 81 81 81 81 81 81 81 
109 109 109 109 109 81 81 81 81 81 81 30 0 67 13 13 23 23 23 33 13 23 43 23 23 23 67 43 2 42 72 72 72 72 72 72 72 72 72 65 59 81 81 81 81 81 81 81 81 81 
109 109 109 109 109 81 81 81 81 81 81 81 30 0 67 13 23 33 23 82 23 23 23 13 23 77 43 2 42 72 72 62 72 72 72 72 72 62 72 72 59 81 81 81 81 81 81 81 81 81 
109 109 109 109 109 81 81 81 81 81 81 81 81 30 0 77 23 23 23 23 33 23 23 23 23 67 35 42 64 72 72 72 72 72 72 72 72 72 72 69 57 81 81 81 81 81 81 81 81 81 
109 109 109 109 109 81 81 81 81 81 81 81 81 81 30 0 67 23 43 13 23 23 23 43 23 67 35 65 78 72 72 72 72 72 72 72 72 72 72 59 81 81 81 81 81 81 81 81 81 81 
109 109 109 109 109 81 81 81 81 81 81 81 81 81 81 30 0 67 67 67 67 67 23 23 13 67 35 65 65 72 72 72 62 72 72 72 72 78 69 57 81 81 81 81 81 81 81 81 81 81 
109 109 109 109 109 81 81 81 81 81 81 81 81 81 81 81 30 31 0 1 1 1 67 67 67 67 35 65 65 72 72 72 72 72 72 72 65 69 57 81 81 81 81 81 81 81 81 81 81 81 
109 109 109 109 109 81 81 81 81 81 81 81 81 81 81 81 81 81 30 31 31 31 0 1 1 1 2 65 65 78 72 72 72 72 72 72 69 57 81 81 81 81 81 81 81 81 81 81 81 81 
109 109 109 109 109 81 81 81 81 81 81 81 81 81 81 81 81 81 81 81 81 81 30 31 31 31 52 58 58 58 58 58 58 58 58 58 57 81 81 81 81 81 81 81 81 81 81 81 81 81 
109 109 109 109 109 81 81 81 81 81 81 81 81 81 81 81 81 81 81 81 81 81 81 81 81 81 81 81 81 81 81 81 81 81 81 81 81 81 81 81 81 81 81 81 81 81 81 81 81 81 
109 109 109 109 109 81 81 81 81 81 81 81 81 81 81 81 81 81 81 81 81 81 81 81 81 81 81 81 81 81 61 61 81 81 81 81 81 81 81 81 81 81 81 81 81 81 81 81 81 81 
109 109 109 109 109 81 81 81 81 81 81 81 81 81 81 81 81 81 81 81 81 81 81 81 81 81 81 81 81 81 81 81 81 81 81 81 81 81 81 81 81 81 81 81 81 81 81 81 81 81 
109 109 109 109 109 81 81 81 81 81 81 81 81 81 81 81 81 81 81 81 81 81 81 81 81 81 81 81 81 81 81 81 81 81 81 81 81 81 81 81 81 81 81 81 81 81 81 81 81 81 
109 109 109 109 109 81 81 81 81 81 81 81 81 81 81 81 81 81 81 81 81 81 81 81 81 81 81 81 81 81 81 81 81 81 81 81 81 81 81 81 81 81 81 81 81 81 81 81 81 81 
